0.0081463341401786 5.3524355182202
0.0739231827065509 2.0077513136953704
0.0872570582241678 -3.874658667641907
0.183142 -9.193038
0.2880330451939983 -0.6893935300558758
0.316674 14.189731
0.3290964242704604 17.694611688957636
0.3848705535784802 21.226724744078627
0.5337102938880065 -1.4424198027942563
0.6632594689677944 8.340661537965856
0.8248479480005244 2.7883605325828067
1.1883247155300865 21.086450114256067
1.1904959933087866 0.3791680453758799
1.2177920134151918 33.917151555560835
1.4709574946910493 33.87836247713992
1.496682 15.523665
1.727061954487283 19.73491001839464
1.8951500946580493 5.621600087677458
2.174354436691033 10.290948602539787
2.2955066897790743 31.987340942517488
2.308241059341356 24.51724087271578
2.371319673669916 7.689757071429208
2.4804069248706355 7.051375481868804
2.76243763804473 7.620896718043836
2.773203251544629 0.4481942184041351
2.8265486585420376 28.29048496199896
2.872715001133884 6.36403621433448
3.0095620111432027 4.062354800957535
3.0311386533329028 0.4519610331250486
3.272298621009213 27.69993021286512
3.5639549028670103 -3.080428061680452
3.618619963118519 -4.414064404457423
3.635479822400214 28.129141659291108
3.750092625223374 0.319062761815974
3.893294936506408 -5.281145453893703
4.024838508282642 -1.0353329837366845
4.187866525936855 -3.520188533797348
4.315394329613241 33.62846161460474
4.321185432022958 19.904131818508635
4.474697597753561 8.009318174850609
4.574407670654921 3.85638008066709
4.761957420820181 3.874526228850821
4.9090616466386905 11.050001089679055
4.928388070022493 -2.675904903074433
4.939858384001127 23.524996460544177
4.9566861157095445 5.1134677823130525
5.018828167319398 -4.079829108775864
5.035911245028672 13.078636631117028
5.080750361870344 2.2599214136419024
5.268742085022382 24.1872743245358
5.299999812165822 24.328780965203464
5.372962089806833 -3.232004965383556
5.464297876579735 32.42220933967806
5.594095979458643 19.944797299329263
5.652449415162323 29.024023699443795
5.831507871028236 2.2821262117549166
6.065947247504596 19.741850701340933
6.156919268743608 0.1446519736832367
6.474160645013626 18.548634836223084
6.601040396628719 7.499161250404058
6.809230243772075 0.2010458615812347
6.857999160428449 2.867977140234297
6.932312021024245 30.519723832555545
7.06362305182796 20.239137527725383
7.238251133147415 -3.127980777053077
7.278369214941563 2.014417718329384
7.434289346480398 25.331658403048056
7.465320351435139 20.181736721401784
7.541096824297092 -0.3759605929173208
7.740052073697939 5.676172588121044
7.968302196463867 24.477392326796995
8.071258055742305 4.284363945969119
8.440033801914296 20.4513001865762
8.604206848062972 3.936074802440957
8.624403911641764 27.94579542369185
8.661901937617188 3.335168048480534
8.748141237930895 32.5197133576126
8.787642127733449 -2.209748720201109
8.934872142658278 -2.095349882358491
9.14723531469764 18.734132974033795
9.332687626620212 1.187378711535508
9.417114195938268 32.66287370767206
9.702750944676495 -4.588103942218294
9.72273855966995 25.200673858116623
9.802888601369602 6.6014168861801386
9.861854123279912 -2.209521228325162
9.88576317712085 2.507827852229473
9.896514786350052 5.241851301809048
10.028566517418938 -4.556129968366501
10.304483763471351 -5.171449090525892
10.461063653956426 0.1244986778904345
10.542755524221263 3.425609769243312
10.786323046957705 24.758391497908768
10.854445237209006 8.574531916940398
11.18476832698758 -5.838483861842068
11.226137380116713 27.32997426944251
11.269586947970254 12.512720808514109
11.566906086519566 6.106306663469474
11.569513571453555 0.0469798584495608
11.620016703690908 -4.813213989922357
11.651464870792497 36.05754644083335
11.775047362188843 14.55299359540932
11.802414 -8.725235
11.83981764184739 33.027948095492455
12.041361316496818 24.60523225886873
12.230949408355912 23.19022287237692
12.48231457080999 17.157574049915734
12.561710746459426 32.923149733889126
12.661215436234327 31.81749522108741
12.84039373648102 19.945190530483345
13.017869648503392 24.118900963056177
13.039652182440022 22.0045524670706
13.135140409524675 0.8564082764812999
13.250721930387442 4.248969449250754
13.298481778312748 2.5345661597305336
13.298483433196054 25.77877174081847
13.335560804534396 18.70722685449129
13.72953991569318 34.886488625893215
13.906337214071584 31.931797536635823
13.953509 0.494271
13.977507663745712 -3.7330455046997497
14.154613674553332 -0.4472117845106951
14.324547940559857 0.545266704794958
14.339456479168009 21.946075467309964
14.364964277371314 8.876635964467281
14.662327 -10.447604
14.839045268109489 0.6857703974651553
14.885898359015812 34.60121974437784
15.04130540456481 33.1354161271686
15.068697903518457 30.65737672697128
15.155336495108829 6.329518083325039
15.182795141408915 23.579961092502536
15.18634493418051 23.779504479380936
15.367649797245464 26.65238748711107
15.403151403407604 3.605896348154151
15.520309643747566 1.5773703853069303
15.658380807411106 27.12702232876726
16.282087407643758 18.882185013963213
16.282530371290818 29.455011221563048
16.315458299302264 -3.7709839945566994
16.325532484578275 0.2625379790894486
16.498684625182193 8.165424073889312
16.715952270407513 -3.371085303725473
16.721238272033645 13.09780506385822
16.80459222437696 5.455211418929935
16.813955 -8.870062
16.95486622287399 19.71239429852165
17.10213229884289 12.256244571594069
17.23978912819115 21.002700768256226
17.46527648831261 26.00566111335
17.63945291769781 0.1419252685761647
17.693859005835975 27.34359623367671
17.745702735449683 21.024071824265565
17.782024641374846 26.33839399950815
18.001898249439876 6.874686648570293
18.037161332537263 29.36157209374489
18.13684247683585 3.4957231405459392
18.246678434998017 22.483885264772915
18.2686384681748 8.36303653053244
18.294386428263007 20.763639089852905
18.299832790093493 12.217047566130432
18.335459042918146 27.492929802536
18.382852811692487 6.352772462895404
18.52599770959373 -1.0683243758146552
18.5504911102278 -8.401239245220836
18.70665466610081 23.05487811402921
18.88923374403771 10.249035031860664
19.11586293435367 -0.2178541067936683
19.130381618866974 23.244651985908185
19.15666800842272 16.977987112897267
19.167307243401133 0.948692944884301
19.366041536899505 0.8402981203428536
19.72698389139407 12.246663315817608
19.762024297713538 25.9797509770816
19.93123852040292 -1.1495880633944298
19.960738989854818 -8.134667970272021
20.382147631087665 -3.4628724549958285
20.48397788601829 10.530648386049942
20.551232331474463 21.22087121531902
20.61617734750928 34.34305101918404
20.691441261350064 18.91585963316199
20.765206897067173 17.62280777998454
20.926010447942645 1.9807027903433003
21.41653830351385 6.635167571049053
21.824398462619115 24.352166554324743
21.96001559689961 -0.1554530141159965
21.961798840130243 -0.2296001702646511
22.08919105193371 6.791814535206534
22.27505359386652 12.062507011129687
22.329322 -8.395703
22.39224937746934 2.0515820832188263
22.393850091288016 2.9340504593199546
22.413117014210584 -2.8067942314866032
22.594978 -10.23467
22.65779714324826 -3.0821553161620625
22.748856924416486 13.025209685301904
22.912846082975875 8.433275746413825
22.960091092850803 9.069599594207716
23.070356480587463 17.387346372079705
23.32109148786867 11.997528816690618
23.440925816536463 -6.643381091825288
23.61244930584529 -5.543636134764604
23.615016313375293 -1.2621941020021692
23.65338584558566 -2.4631785854436266
23.673422358013795 33.62301420502511
23.743173 -9.243175
23.780992552515272 12.20873323210684
23.806509 -9.440352
23.81042687685516 31.786591280528583
23.814878963955508 -3.367957057487128
23.85186613602133 27.46197140063332
23.8859519233161 26.41882409363921
23.960978 -9.486212
24.012271773772568 27.03236962574953
24.084780588027343 11.596937071300136
24.109356195811856 -3.249913693955423
24.209392 -9.652964
24.2511817116349 5.348318284066946
24.25415406776176 -3.4462758010309886
24.36323994636109 6.091942805552985
24.433846467374394 4.667957622896276
24.442859410946056 -3.627909065347
24.53344780125053 9.805673537360262
24.684534059665296 -4.233368046024972
24.746005577973165 24.624625944480435
24.75861249203541 27.67495019862777
24.82251780021761 19.21031728464989
24.8477846132131 -1.1089086022271686
24.96725279839859 3.567566221358046
25.04122550026036 -1.1514127473669478
25.16963566724951 0.2994953795876272
25.29068355003117 0.1074830512121513
25.376285 -8.622528
25.40100320947833 0.4190394076887428
25.55773426286231 28.387683282171984
25.56572 -10.123823
25.70780635260826 19.64498600403507
25.76248370769133 11.177454588146151
25.91182338096968 26.60616129935796
25.920975 12.947626
26.00194797644434 20.950601524970867
26.00848035683663 2.3540145018140675
26.02022316074408 18.9645324955257
26.022614192916592 4.330097051988903
26.02667107502413 -1.9733485934743609
26.299144480134643 -4.793417942754986
26.63688279877367 -4.714254048690369
26.73674697990711 -8.753330355658266
26.84989130600252 32.36908823833075
26.901475303150733 30.01731071379804
26.974630828072293 12.40315318061072
26.987439670034348 -1.226498915290092
27.058406742794148 31.81582045558937
27.16670314487509 -8.354982621977118
27.19941956193716 -1.9360128449391472
27.20306289500087 -1.7446976142047446
27.238313602995035 -3.2794129866239925
27.35464403442188 6.941545484363175
27.47012893061742 11.154396359913868
27.496985 12.949456
27.632975895885068 7.960891748523721
27.645698 15.047104
27.658256625394472 9.859624396895164
27.777262152658693 20.36273536142171
27.84460723334564 21.421581991859966
27.934634851661656 4.046878024358285
28.14207722360692 4.698133602717121
28.163815 -7.987165
28.193628 0.710839
28.480522825250432 32.31847633290406
28.48158186728877 0.5384355902580781
28.595534535565776 23.429458494015524
28.700999 -9.526414
28.87266255924368 18.07795597879433
29.083510458486288 -4.2752032172263394
29.09475420988809 10.318929276038403
29.19380223131276 20.41666825592912
29.207134172737995 11.71146962934748
29.661305122514623 0.0239591632472003
29.679019760031 12.091051772320917
29.782725052210367 33.036894284505344
29.96901573904256 28.027286682769898
30.137638546911305 -3.415314509304517
30.152633 -9.993327
30.185847908739504 21.91197166071254
30.276501088259977 -3.011515144187631
30.436999654220983 24.825403070506702
30.442829666965963 29.356441861554323
30.494342578942664 -2.753006374621397
30.81192245222269 -0.5925983433474005
30.832803 -8.469864
30.85236854687804 24.03754146309388
30.869124222033577 29.327750179415467
31.14991704595758 24.82229166191328
31.37064686584785 22.41981630677371
31.59029960436461 -6.164639068798514
31.94958880627973 27.189454999744537
32.11252782998206 -6.697964326683433
32.250809 -9.868455
32.39077293793787 -3.2072792832364225
32.42871845524053 26.213624931036275
32.84741074465114 0.333190413476356
32.876383618645264 30.933951450977805
33.081420338743214 0.9779613650173864
33.13631441821647 -2.7498243410885834
33.19987386472417 -0.3824215587011675
33.29631 -8.725031
33.326226 13.112208
33.41728811808338 -5.030320979009325
33.64409750764065 1.0188522321132998
33.64494651870417 -0.7118346248261038
33.70921936644032 -5.138823562983383
34.03969182465198 1.025115869537396
34.054952451750296 4.236349677954181
34.229138321689284 -2.8016373377714543
34.42210904469539 2.312192819022144
34.9382574792059 2.9052506366495194
35.12956147823304 -2.664661565925284
35.19514659236185 -1.147603324442789
35.382455609380884 0.6636784162744734
35.745431684552564 -4.9812340889402895
35.763460359338744 -2.9538587852284195
35.854211951268354 -0.6035182003689089
35.95214201234271 -2.352782570823518
36.1275267779331 -0.0108115073205661
36.26818407260137 3.6066861110267454
36.495014 -7.692856
36.53234871364997 -4.312007803744886
36.801851 -8.82204
37.48769491371044 -2.2293209500670264
37.56449910953321 0.5994694175926749
37.5735330390212 -5.422619190068397
37.82231062867169 -2.4412008503645417
38.04927806413875 0.1339768528288611
38.37938245833929 -5.76416492357175
38.5007373916397 -2.631477483985008
39.14661996218416 0.9034812857328562
39.22785092849222 0.3784466643498392
39.25807676943788 2.1467672642136715
39.84561519029478 2.420404363928056
39.984811681786056 -6.905797991030146
40.1474590983411 -5.062136257609813
40.15783958255346 0.1885880757302087
40.45927772242663 -3.818962621107056
40.78483712906512 2.661309435621023
41.004449 -8.412647
41.69412429794557 3.372200777655033
41.770562976865314 -4.428100612402296
42.53596199445018 -1.2739744482977238
43.228488 -7.356876
43.32907077337947 -3.320250857028429
43.92315 -7.837891
44.96382860060629 0.6293301175212
45.11959 -8.197626
46.480884 0.364768
48.035092 -7.439726
51.618891 -0.461512
52.613382 0.909406
53.075175 1.113475
54.039762 -6.320331
55.860494 0.654222
56.302608 0.379388
58.596892 -6.472012
59.495955 -5.837532
60.292498 -6.439921
112.05627110722752 33.315750976900574
112.169148 39.178846
112.28289355009667 25.51499821638478
112.73802000906772 25.844749939797875
113.369202 27.147654
113.42762555450048 44.30984698028202
113.517919957811 29.02558959828522
114.06846154179576 22.6771803995866
114.2225315306346 26.226876401754588
114.30544 32.764806
114.57248933835618 26.66160427897493
114.646514 42.253173
115.41855335507904 36.92907455951484
115.485622 45.212255
115.5091455015416 19.255459700409272
115.62289 33.252682
115.722838 34.468213
115.80742288149372 20.26468097214999
115.85335610853612 30.546322724616854
116.084011 18.907125
116.10234525434898 38.74956947246473
116.137333 29.948482
116.15482521454078 16.47830707752864
116.370553 29.806798
116.47521876404367 44.87606324360774
116.832675 18.373808
117.03539 19.402687
117.05982355166134 34.13240943486438
117.117517 28.670953
117.150464 24.006698
117.310872 17.942218
117.480685 39.834355
117.687508 21.429536
117.740389 27.785294
117.749255 35.334783
117.77192633563509 30.010423331107315
118.00706678345789 10.5196475740849
118.11934946937834 40.99213693330119
118.470767 31.894906
118.668026 32.684803
118.670429 12.565789
118.832792 43.349476
118.8923878235882 44.6824637403038
118.8977304570998 29.844034496982047
119.006744 28.842547
119.13016105369356 41.229698124391085
119.138425 44.390843
119.214603 32.168798
119.90737403045512 28.41656553985298
119.97615099125706 29.165510927784727
120.055111 15.43622
120.137858 16.708452
120.17595221973512 37.77155098628364
120.272087 35.094794
120.40988 29.753679
120.453579 17.721187
120.45565791175687 42.12783738874808
120.56311355839615 31.523473413432203
120.61190457669848 38.10811119273008
121.02626006583984 47.405168987501575
121.057403 20.698291
121.0913479494026 23.92447849916915
121.15818222250184 45.92925524955525
121.235363 37.099153
121.48748733781213 39.143578463206666
121.578907 32.22956
121.685985 26.191303
121.69172682794064 31.009516420572403
121.753858 31.145501
121.839832 9.873197
121.907868 39.892732
122.045862 7.086304
122.138448 11.268721
122.20032182995644 22.12501147591829
122.31462913171224 48.06935774544188
122.407464 27.946761
122.5170154409234 28.517141228720632
122.57485455705188 51.56331037634849
122.654695 12.099358
122.660642 23.683899
122.7716040040156 25.382989666932342
122.78886194896536 5.848341963347695
122.93400498069104 21.449401515058145
122.979513 13.613387
123.001092 16.16417
123.148956 12.190404
123.248765 14.837032
123.32721909778736 47.229552332866696
123.338286 50.983001
123.513406 43.613076
123.547828314122 54.31061090152416
123.78107605502052 57.68612557040453
123.790277 54.142538
123.920181 39.910507
123.938085 39.608608
123.97607999584972 26.31407710516581
124.064885 47.589126
124.203705 56.447891
124.63982280612971 33.37148051054696
124.685745 35.073988
125.16520306094884 46.89743375312786
125.197361 58.479232
125.279634 7.317733
125.443231 32.896922
125.57870957526676 49.60943065883008
125.632814 22.271052
125.775548 29.632258
125.824682 23.023977
126.010026 22.656075
126.115102 22.77465
126.30452975386405 32.07934823101339
126.33300362368524 21.11347074752036
126.366032 40.324927
126.472083 33.696144
126.511065 46.605511
126.56862 54.776666
126.73355843182222 43.7258551106164
126.77034129692208 17.684023119680774
126.92501583989622 51.51244240363265
126.95027556273226 27.35455601660903
126.98733 11.742049
127.14662252467348 42.00534430408188
127.2430596475394 27.8688250177409
127.28894901507203 21.333550866664247
127.322669 51.628821
127.365406 14.87323
127.386289 57.301235
127.40606875660612 25.943240359669176
127.4731888537206 37.07069672437167
127.47784409209258 20.87963924434337
127.51707269606118 33.150494583567706
127.624014 45.739533
127.67578433883932 41.86190409738997
127.69546110433652 18.952193697100327
127.737874 59.774125
127.756516 12.10957
127.767258 7.15889
127.89036898882338 26.465985286638794
127.90520276687204 23.89800091623983
127.95721617089325 22.709890646785563
128.0973310837162 55.98068031729456
128.1178280442681 24.893988961467628
128.1192 -4.890228
128.125418 46.144982
128.357434 40.398342
128.44609177405405 31.866985196811047
128.51533524511737 45.04583834608102
128.868465 38.78683
129.193705 11.889836
129.31729847848882 33.35111037523265
129.418195 32.808474
129.48625387290411 19.515538713120645
129.50227188088755 22.111480387108063
129.7123942826462 59.2683279532909
130.1459177720918 35.471853530737235
130.421134 2.985936
130.4295508256822 28.33213624376921
130.47022416827255 23.81540946750696
130.476674 31.889733
130.53957678602043 55.19539798149543
130.5991942703192 28.22411139728869
130.7429115272741 38.16933602501598
130.76200794481562 26.06505020248586
130.87795970051957 23.77077357647606
130.92191075607008 54.74523667868461
130.971393 9.839877
131.029124 35.877745
131.03531585836453 27.867556935860144
131.144911 11.696066
131.3118915743983 29.092097041147305
131.329319 13.126266
131.35630371580254 49.16116897353544
131.4627418727065 30.24132876909629
131.58191486570246 31.7654841438586
131.61220633516888 25.87207675890921
131.6982786449454 25.235581337017184
131.7887331151368 49.18360643090461
131.89937428663495 50.568232930162914
131.9356368472565 44.43629296415868
132.355932 29.009281
132.39999435268837 27.02382944577188
132.46649801510898 46.46551132462548
132.660969 52.029367
132.737279 1.786389
132.78798864602152 22.27531108040058
132.80452068646437 18.16241345201472
132.85161220271937 39.24707597663149
132.88661 8.23508
132.89547186727128 48.97449040170558
132.980127 15.143198
132.98107839965104 16.74398718037975
133.11576807525554 17.046224278627363
133.13156580536992 58.79695818909914
133.19578420170896 29.43688913137061
133.196267 6.873119
133.415232 42.268336
133.513769 47.196057
133.52912920641663 26.05954996112686
133.70735950740303 32.11455173325575
133.71844398003168 52.6691799459205
133.760498 10.356515
133.8523096724658 31.364505833973304
133.95973307300667 28.902308147411784
134.027742 41.670644
134.168189 54.544154
134.1875595701107 55.41945933263885
134.23614021614682 18.3171736835916
134.25677608067735 60.0020790558748
134.314026 41.877451
134.337654 36.645657
134.348394 3.342264
134.3799935069951 23.75943125736165
134.411721 43.65894
134.41972797872728 43.7742995522315
134.46554924360623 19.98090709829619
134.67468239642372 30.611526343043987
134.68305626250006 18.79184143875171
134.7921139718576 29.99689362957079
134.795381 15.458304
134.81590781218972 16.398331749207593
134.8762377268421 41.65250642292519
134.994515 45.877199
135.054055 3.835503
135.14221583078003 17.21853274870725
135.30511416960368 46.95963833078087
135.452378 15.227706
135.45932510208044 22.68163777699709
135.53978487532927 52.85059298238273
135.563998 3.402246
135.65252015432253 25.94435309718171
135.65411211350175 18.018913252417622
135.695675 60.179635
135.77667240970544 29.248283996397547
135.911481 25.848441
135.947234 0.340634
136.03340072725825 28.48435911703316
136.154198 43.824283
136.283665 10.793518
136.34404488079144 31.30673948681576
136.50218148601468 50.53001346592922
136.506005 46.511529
136.5603897840083 29.5744449399462
136.601257 11.300278
136.60329789903017 41.28062790369065
136.60509066485756 21.973480528748727
136.61221 35.464911
136.759104 40.989897
136.813188 6.338254
136.931025 12.553544
136.997284 13.859732
137.077812 11.982084
137.16205310659166 32.12984257349543
137.21581082157604 30.72552561359368
137.4450867282202 19.65597310666291
137.452103 63.511649
137.5413 51.531634
137.74211080555057 18.36287299047621
137.97870585252917 15.399511980698502
138.01554264093448 17.045247390333948
138.11378264003534 -2.423592682297284
138.169492 24.005689
138.2134302261256 30.061372078787365
138.2842021978162 47.12944419012421
138.500541 37.412487
138.661341 32.649201
138.79463358786063 16.81204663388239
139.034098 52.260344
139.100479 44.154794
139.12943674715444 -2.09400680122434
139.1708643033948 28.652098418315443
139.2175031742339 28.52466384651917
139.276908 56.626129
139.287829 22.754117
139.303446 13.357357
139.40639018417295 28.679513164007947
139.54387573661214 21.990985189767983
139.6637900671824 38.86198623998152
139.71196670977514 41.746747609915374
139.71547458898695 14.364653784426125
139.72621187939194 31.044696884167564
139.7979962872112 30.237705946263524
140.0931121272379 13.825538878561456
140.1315668230145 42.4349977148384
140.1967586880879 17.452269236202593
140.200252 7.779177
140.27535640084108 27.66086074544521
140.351001 10.588203
140.35261628328655 29.003795526214653
140.474573 54.846099
140.517707 56.844728
140.73982823220223 51.93283023619412
140.767951 13.357867
140.770887 12.381067
140.861898 54.64022
140.94783 -0.330884
141.1465 47.375352
141.14914410240712 29.547203252495805
141.17121006588442 28.791758016872564
141.229595 34.637196
141.28220604877492 20.59469652873456
141.3094688584537 29.194618247782728
141.349134 37.536382
141.35486864512464 20.360842733628417
141.38919769005673 42.70084442891436
141.447109379922 26.6432679703992
141.533347 7.757407
141.60836152962713 54.44135539805325
141.634621 54.646263
141.711417 57.631088
141.72846740996178 29.31049388998897
141.751186 51.274237
141.8087679347508 28.63483255957492
141.8311764120923 26.87067140509104
141.8336473047325 19.72411994034117
141.951632 9.041713
141.9910039934867 20.98446680626584
142.160331 12.153921
142.1988461161647 37.72266937666295
142.231952 1.476868
142.37675819458352 20.483607935378963
142.46176999818334 19.49298966698375
142.50794841077445 28.816232530578045
142.522593 46.271602
142.66638433239845 19.85535282801432
142.703789 23.110514
142.753208 2.189157
142.8064088027951 14.867340460545906
142.98997874056823 38.379330592132106
142.99319412604726 19.41024199606221
143.00667 3.316323
143.113866 65.420797
143.33422424327878 46.86051154557128
143.373318 3.13665
143.49309113746932 19.12856078358784
143.502029 36.942572
143.74053 43.811553
143.986881 62.213809
144.04525579149794 32.5474205631267
144.09968318760934 17.2908255701893
144.14731190876688 24.14503166685808
144.213658 33.572674
144.219764 1.724445
144.46016115701983 22.069755759785217
144.58727310191503 30.85599073629286
144.609237 2.343983
144.619626 60.421161
144.91569552681048 19.765482922461207
144.917219 45.455243
145.05464466428626 42.10861130069954
145.081113 13.582208
145.18327035255658 15.513376169752108
145.338906 1.196615
145.401065 34.231562
145.501847 44.916203
145.58547187970922 20.607379660757523
145.7074101389807 24.06212817725015
145.80746840008447 28.75236825213712
145.8423430669284 34.72081719418362
146.043066 60.560128
146.096413 32.963636
146.168724 38.898515
146.21874 40.234969
146.36149840263084 15.396935867806103
146.563135 6.150165
146.5846646141506 37.99813215162195
146.651908 12.529987
146.6708313031743 48.3299071902448
146.763055 59.869523
146.802786 53.103588
146.815022 58.633946
146.88533887189465 29.2583545442687
147.13149788477298 53.05090954377365
147.1669667446005 29.238157511518505
147.167004 58.010885
147.34437931792894 26.476433541402724
147.600866 59.50332
147.982670280091 16.300995065904818
148.05796154533016 30.698573707610084
148.058863 62.597204
148.0700673306206 47.28247070826726
148.087223 2.274104
148.20484546911587 -1.994784087863445
148.298416 3.639279
148.321188 6.61397
148.73216933389438 28.58488350115856
148.76008942628812 17.457159927796777
148.8917796631734 52.71810138594991
148.97974787374162 50.09576757954392
149.369715 12.628665
149.44398653496347 47.763722362801495
149.463798 12.227653
149.4879067140035 26.40803017301135
149.778322 59.734736
149.80514234516983 18.22950471829566
149.817973 58.116784
149.8262158678451 -2.674991716049366
150.06324803869973 36.19783303995743
150.23392950662793 43.51614818470672
150.23551813884538 23.04971472951673
150.239615 68.708617
150.37188306119336 13.146758886141807
150.723157 40.988605
150.726457 12.417045
150.727529 53.462835
150.76094656497122 19.547578594910355
150.85278216194968 33.162291761796105
150.93858363564186 36.52658930906402
150.95126428640816 19.350306084628983
151.0417528265615 35.0596787434301
151.06898518427914 20.19506752223099
151.10093652140597 34.34716460915773
151.17826074721197 22.722088806388896
151.1811953688911 42.52610526834738
151.185192 45.308205
151.39015 43.02221
151.48478 53.702194
151.730782 61.932965
151.793469 35.050377
151.8852270903729 43.55254012326902
152.209838 54.245121
152.3011392950667 30.60001612207688
152.330033 5.687984
152.41191 15.37085
152.791272 47.599145
152.81010437895864 25.62537874077537
152.873928 34.235593
152.9220794167906 21.75624903075116
153.019125 12.011543
153.04806547253122 54.0005110804208
153.18593 38.235106
153.189401 13.753282
153.20135279796335 57.92501183702744
153.206683 2.828008
153.28533610588286 48.70108120475821
153.381582 5.438899
153.401374 11.91311
153.58429231645582 25.320547062985487
153.659496 3.203078
153.781231 57.482223
153.856096 12.963046
153.877111 39.265472
153.9276518179489 16.002080410882833
154.001082 13.096475
154.041237 0.168035
154.15812913369118 49.45006693570859
154.18662697493542 45.05161254495752
154.220378 52.586173
154.28976676846943 21.94003223936648
154.33429293466628 50.854608971427474
154.37655956987794 1.0400122794756097
154.39481 47.530275
154.558292 5.773742
154.62719771721598 25.332027911575107
154.69234069605412 19.86128826633654
154.72980010730623 34.32786374739763
154.737055 1.482394
154.828455 10.502506
154.973918 45.322959
155.088383 12.319195
155.137568 2.882572
155.1402941418477 20.01807547543183
155.289959 37.618837
155.32437872478678 55.78780700636853
155.32642979934974 17.2077066823753
155.41870703934688 28.5597341738753
155.5119149731663 36.08068277235495
155.57024648268006 20.961207673583548
155.80135332535133 26.514672099804
155.90140229776915 46.60218994825684
155.93308656062914 29.96445676977263
156.174197 4.344393
156.324501 56.178111
156.44493219277965 24.84877158500921
156.476263 19.78451
156.514339 63.878431
156.71551844464992 18.602403839347303
156.80307566663072 48.15706114699282
157.00446619701128 32.76237984958347
157.01481652109445 36.287269465603
157.014851 22.489961
157.02677 40.609774
157.040587 17.569185
157.086493 2.436991
157.129788 10.234651
157.14182038948397 -2.616571526892605
157.15710737769894 57.825303548877066
157.1684991255736 12.907800210282408
157.36380425934766 40.10680818267274
157.40881204805447 61.893448762884894
157.532746 16.640209
157.61656047977164 30.02059590847567
157.670074 19.23519
157.677979 23.902499
157.68325086321514 55.35044988856982
157.72119981055494 26.912456576509648
157.791951 63.546102
157.911152 38.114363
157.914975 10.758042
157.983721 13.787437
157.988423 19.807682
158.149556 61.335956
158.1534720836975 43.24381860761443
158.36668521566247 33.50087232799416
158.52342667583082 55.79386189301006
158.7985500942656 44.81293068298143
158.8918192301792 48.78119061400291
158.935986 65.278083
158.989458 10.05254
159.1188147005829 24.486246415721563
159.12035 40.716398
159.161131 2.833956
159.268804 16.177794
159.29314382206562 27.82599232257759
159.628846 44.406839
159.7487942591331 44.62719339161644
159.75784023905177 42.26214805243584
159.780283 42.4921
159.95697554269503 27.268426457861047
160.06565924477772 45.487961058546055
160.39672774021523 33.243780703550634
160.42798936785326 43.27611968648711
160.502632 38.129116
160.532138 6.762273
160.591291 39.74629
160.65476907330606 23.5002834563578
160.738047 62.591829
160.738784 9.718108
160.78927037340256 31.62883542714896
160.81695739179588 30.89364573479333
160.902338 19.883678
161.00519220324855 33.612683842638056
161.042254 47.915499
161.205333 0.05034
161.261504 46.948825
161.27695089948506 43.40258886053194
161.280251 42.387968
161.3681163238364 25.38178965374526
161.413005 53.407447
161.621564 18.820405
161.665327 7.178986
161.74834960171546 40.848380176797455
161.778876 19.326793
161.821772 52.622063
162.124822 12.574459
162.141596 53.495259
162.218109 14.44306
162.2478312358637 31.557254096892542
162.25732647832564 53.9071603033236
162.270832 41.16333
162.28803400164065 31.80092584119436
162.4366726709371 29.04728261644396
162.444209 59.875012
163.027626 33.321304
163.057506 6.977126
163.093712 19.652927
163.11808 -1.080013
163.1472496744331 48.66832766531428
163.271583 44.470101
163.402984 -0.290944
163.408139 0.999669
163.459078 14.533573
163.49550393599137 56.07183050462972
163.51866186693678 54.732519541431486
163.52881740677145 40.601905055297536
163.5341208670461 16.739584688136944
163.570333 8.095986
163.722376 -1.236827
163.85961 9.12547
163.8875750985693 24.50370208892688
163.90143 34.166613
164.13800943534358 32.89384169672175
164.13844683274272 37.72390003529304
164.216386 32.571314
164.225652 5.287024
164.391424 22.802586
164.468884 12.108021
164.564886 64.766577
164.567445 54.719496
164.66844935781737 27.867832475111243
164.769667 16.639712
164.90818 14.100468
164.99972 57.813382
165.065252 43.786849
165.08862085495872 28.27634058165521
165.194565 50.675722
165.199385 10.770338
165.265687 41.221442
165.473405 40.892019
165.597443 22.655756
165.6194 19.114159
165.66442007470164 55.56264121360618
165.70640901178768 37.055838662249904
165.758142 56.05813
165.857794 53.039554
165.869587 43.086829
166.09846435018682 41.5712256819073
166.11113820140238 56.56875495793865
166.20631 64.23754
166.2728150483227 25.257585778536853
166.274587 61.476796
166.276956 46.051906
166.388625 62.451744
166.550399 67.052008
166.659521 18.938483
166.752087 2.979142
166.792141 40.377433
166.7968835080193 53.76710412645439
166.8331496475452 4.381627454622503
166.839603 28.646706
166.950426 51.875147
167.047129 37.524853
167.08543240996448 58.73944580443408
167.107565 42.09573
167.151354 9.862019
167.159245 37.016956
167.173437 59.835512
167.21811404477546 5.559834998427176
167.333942 44.19641
167.360066 52.102013
167.380211 63.43983
167.572935 52.111407
167.595689 31.069493
167.618241 5.178455
167.628988 15.782732
167.6779397780223 61.45715998177649
167.7764741997401 52.13735158426011
167.789353 61.676993
167.882321 36.479098
167.935723 16.221809
167.952332 14.640652
168.0145 15.9056
168.074073 30.845287
168.323881 55.067173
168.35652272690257 27.381392849625737
168.378091 9.426983
168.38582870136847 20.28019728645341
168.442314 14.167341
168.447028 18.313328
168.474987 -0.03831
168.600244 37.491984
168.68167233930598 48.70304453650169
168.818136 16.365739
168.8839817115304 63.43040453968322
168.9311203623294 46.88836017408512
168.96063658243543 27.55397839152209
169.054327 56.569601
169.065273 35.974959
169.103735 -1.038766
169.11900967249795 48.98851766984716
169.129298 37.943094
169.26923580632405 27.717953310836027
169.305604 13.304545
169.357744 47.598121
169.375957 37.409885
169.495223 50.407163
169.6594229567196 30.94898427218193
169.704186 1.246405
169.790895 63.698704
169.887014 44.78726
169.904261 44.971595
169.906751 41.350611
169.957795 43.826953
170.020405 26.436949
170.35449900192165 40.96928100727403
170.398032 38.00623
170.4019984225405 52.43126129530239
170.410811 11.234106
170.696638 12.593708
170.763956 53.218912
170.81392817671858 22.944971125963903
170.814981 21.274367
170.85226825114887 29.945043621702865
170.911775 54.615253
171.2258801767186 26.733516829363182
171.239245 15.225789
171.348017 0.499443
171.562249 31.029628
171.636716 43.160722
171.761332 3.03111
171.77995 4.409315
171.84272529985077 44.42865630517829
171.846052 65.667812
171.86138662759157 49.57394438209168
171.89614190813563 59.778082690190296
171.973012 0.0883
172.001035 45.670875
172.1198116515726 17.777021535269007
172.262714 39.979075
172.327397 45.333769
172.345694 11.226779
172.44765661245276 44.54633014738698
172.470002 -1.524547
172.549379 36.919472
172.728405 65.099557
172.748702 35.745509
172.763137 53.550666
172.79050851777055 41.20140864458052
172.79643280661966 37.619196939080965
172.89044 23.425686
172.919313 -1.855097
172.926974967685 34.41275527422228
172.995514 0.208299
173.01449400433205 30.596424593606404
173.149437 -1.480157
173.36693 43.55696
173.41045153920243 26.652469288631103
173.549974 34.466837
173.66299120496822 62.33662508421504
173.77172274709 22.56902573071897
173.91538967811545 48.91689026499367
173.929389 23.656997
173.937479 24.158876
173.9446463357184 4.730205132976748
174.020032 23.972243
174.048255 25.220346
174.137234 58.697217
174.709424 11.552768
174.791084 16.282337
174.86953764177244 22.23706654638162
174.908918 11.638811
174.91582075610495 52.02847558682284
175.02624562347555 63.455023349567526
175.176646 25.597746
175.2409462608983 46.2681816000334
175.411065 17.591194
175.49385 0.824191
175.53754249161403 7.1660295991802725
175.58103045640468 36.15661983325163
175.5836109730177 46.38133660130991
175.641854 18.069291
175.650111 56.111959
175.735988 4.458722
175.831773 2.196145
175.879004 3.343348
176.019999 7.20151
176.022271 46.068257
176.047289 14.095444
176.0546091936659 44.0570619106293
176.259302 19.213558
176.4564511969182 46.58008894995359
176.471473 28.220391
176.498348 36.387163
176.726201 32.614542
176.75665447019514 26.73454115690011
176.7619392903348 26.316169035711685
176.8444 -3.412684
176.95645445626724 53.00162475608825
177.030134 59.815343
177.0348595897641 25.70525846448426
177.12658882792505 20.210817083218647
177.136483 49.466008
177.139912 18.225064
177.4139750384378 24.346591184228217
177.50597185871493 49.68042359574484
177.545924 24.124987
177.5557 38.011565
177.64814 57.206806
177.752373 41.960511
177.83214421782475 49.27352614881347
177.983227 28.219607
178.189086 44.521163
178.46825037500926 51.74317561822669
178.473967 2.376788
178.49185 38.136317
178.553196 1.025968
178.705938 1.578754
178.737113 29.091844
178.94142341259783 56.27511125597986
179.0462542981566 20.70165411989183
179.200439 12.456662
179.252474 32.749412
179.2808245320574 46.60054941520543
179.28360639855202 21.264724001235365
179.28801 21.00909
179.29951750993277 8.439880928447838
179.315787 18.283667
179.5835017557707 35.52757571881631
179.598066 8.545383
179.81077270599397 27.643301787488312
179.8850230790938 33.276619982866016
179.899831 26.033285
179.97987921337028 39.52069311062277
180.041684 25.117981
180.39044143019697 54.01696211529581
180.495875 55.167317
180.584492 55.444247
180.6082236826448 44.07559896407155
180.687717 25.303697
180.77481 25.738129
180.977911 -2.3949
181.096005 2.769866
181.168953 16.846384
181.305923 9.133448
181.466793 48.945625
181.757148 27.714797
181.820512 23.499063
181.849275 65.64994
181.951429 28.850116
181.97240648466152 54.635510855661984
182.159 20.822299
182.16507403109927 34.06846720805113
182.21135 50.547441
182.21336 23.366071
182.23883 55.640392
182.29423083765727 56.18591515951336
182.304436 28.115107
182.355039 11.59738
182.41597 34.767019
182.480605 13.519936
182.49785426577364 7.233527748027737
182.56796805854933 47.55658166023933
182.6115052623535 60.00112913584994
182.688479 20.934347
182.774714 24.689879
182.805756 12.327046
182.866667 9.924227
183.101453 -1.879553
183.329938 27.144861
183.340287 29.976792
183.4634281401326 35.78250910563635
183.500847 5.319362
183.568118 42.494611
183.6171956665896 63.70168379402508
183.872479 17.718844
183.873312 14.478247
183.896604 43.483207
183.9267053515239 36.996036851222094
183.9758101298856 29.801633437172462
184.360356 -2.356594
184.56908371851145 36.75484878452279
184.6161154098185 51.128620644477856
184.943913 14.883159
185.018226 -0.427512
185.108791 9.343962
185.273032 33.445093
185.321462 57.997634
185.364788 18.950093
185.3689135516717 56.84385386234167
185.406037 44.130037
185.50929244044084 59.65818235679669
185.6795087271874 53.74057465011532
185.714127 24.999305
185.796429 37.117074
185.808763 26.881799
185.887787 33.760912
185.940105 43.815016
186.01909 21.922261
186.076015 6.166935
186.176422 54.356125
186.217192 21.864556
186.229476 43.129358
186.324366 46.190794
186.5433253564285 47.839333271105446
186.644571 3.680812
186.90730227315103 58.7477346327549
186.95863717877745 32.30666200401488
187.06871238267425 31.101462396282848
187.289683 -0.591691
187.837892 17.363692
187.87864 32.637804
188.040349 0.837626
188.1548 14.182226
188.1885695578085 59.27782071971947
188.280007 2.837714
188.521219 4.345775
188.61393192390324 59.26589721372639
188.637605 19.13948
188.6392496792727 47.09236785042668
188.705487 28.276155
189.192845 7.229652
189.349255 34.464965
189.429078 -0.558558
189.85128757281865 51.66162815819578
189.913408 8.135312
189.945009 32.90864
189.993895 18.972165
190.161863 65.766058
190.167524 30.364017
190.179336 25.188558
190.248815 60.240506
190.496264 43.273554
190.522570729256 11.291245315069853
190.688698 41.097311
190.76661584686656 47.04690367927098
190.833011 28.289171
190.883333 57.4818
190.914254 27.551067
191.13858 24.334734
191.35587865449008 35.52714953594745
191.39922880412468 59.04851021747888
191.5674613104633 46.93135656571175
191.692791 51.515625
191.80859612042408 38.19080568078092
191.943234 57.495995
191.97712 53.971031
192.100871 35.724489
192.1503987261916 36.65275770851938
192.172589 32.114172
192.235723376324 43.78171910209882
192.24885 -2.958554
192.263886 47.318344
192.3692166733673 36.836088622346274
192.426257 34.824706
192.4829077378837 11.72489444152428
192.682861 19.243386
192.71577917263264 36.00999091337982
192.779945 55.703746
192.855513 30.508533
192.85853751332223 27.384257683851544
192.914326 7.952501
192.949402 53.971576
193.1497703690457 55.059609456158256
193.198481 33.5677
193.2045363926215 60.89457335917025
193.228711 61.717448
193.2895 60.282683
193.381441 5.351457
193.405654 -0.802663
193.40719072380267 54.22233178758644
193.4335 18.881165
193.647554 55.218552
193.7286059885012 8.78115507912221
193.740955 3.612401
193.752055 3.678641
193.772986 10.375226
193.8170753276601 56.06821351319883
193.94245 10.977606
194.276961 1.844236
194.4633903246052 36.39308729605036
194.46748675447776 35.84302816031917
194.69483462260555 34.13112233612078
194.788938 56.338842
194.884238 43.550156
194.953655 7.481738
194.968743 -1.952002
195.0174 63.188241
195.07403 61.484924
195.278263 43.832609
195.583422 30.939114
195.72913401996453 6.397366984744469
195.759516 41.442615
195.895933 37.271544
195.931601 37.589796
195.93196878662133 2.4532803447110005
196.12959215516736 33.90590429263512
196.32507660640167 38.23581709301305
196.343478 17.663805
196.435742 24.144689
196.48180858599383 46.509220100193794
196.552966 37.557512
196.642749 30.826028
196.736483 14.862254
196.797265759764 37.21010121728416
196.833768 1.606566
196.857062 -0.757144
196.86389 52.66498
197.061756 12.847745
197.156807 31.252393
197.182685 33.490787
197.197991 27.398064
197.34295920607903 58.0476614102474
197.40474860989053 58.53013480444636
197.520509 52.988402
197.579061 16.63714
197.617299 28.143317
197.785333 0.531044
197.939611 23.912189
198.088416 19.801377
198.199852 25.132419
198.30028805461097 39.99641728223524
198.32611 17.930284
198.3556 24.144469
198.559817 61.81006
198.694019 54.801007
198.696942 57.890222
198.869119 31.29559
198.9352234651039 51.382799998759374
198.979642 60.005962
199.022967 50.590741
199.29702367447857 37.68230712313193
199.386487 36.516568
199.4099298630303 58.065333128420846
199.624348 51.899105
199.664698 49.237655
199.84416 47.56325
199.85806465729505 41.87974231584562
200.056396 42.771734
200.0973088411381 -1.9519756169892484
200.1097301046836 56.44186031530229
200.15002662637883 30.90371670857832
200.266465 -2.840679
200.284002 46.980571
200.312235 38.177336
200.400796 17.444258
200.607253 42.163129
200.62335585191173 58.17675750513535
200.72695309037096 -3.216785792572105
200.752022 61.124013
200.824449 11.064823
200.82521490439007 29.295529138248124
200.976885 19.325624
201.062316 35.749357
201.24698 54.154273
201.276098 -3.37402
201.33460234675445 2.597236375598864
201.364952 43.555735
201.440546 39.48646
201.47192 30.612005
201.572503 18.277192
201.603482 27.35619
201.68531 20.987324
201.950356 -0.172708
202.000319 24.996089
202.24266 28.329654
202.487516 15.15272
202.612859 39.856358
202.725071 10.952429
202.776896 21.258176
203.056394 5.74827
203.105959 30.1238
203.307568 58.081957
203.312755 12.166935
203.495549 -3.479556
203.517913 26.816722
203.61318904298844 40.36899810648632
203.913864 25.819171
204.008824 23.639653
204.052291 6.492674
204.13106 17.937167
204.173269 11.153172
204.231294 65.687788
204.5151473423896 37.53727876707801
204.554074 39.257533
204.573729 34.538218
204.858824 15.13306
204.879624 65.089565
204.939284 37.086168
205.0441619221201 48.379092255170015
205.21515 34.05535
205.228374 22.044504
205.253248 64.256671
205.275305 51.244104
205.616872 32.459762
206.027049 6.449086
206.064098 24.694879
206.093637 28.94526
206.10179183998684 58.05036004416431
206.135428 60.017175
206.145192 -1.65498
206.420845 27.923603
206.571943 51.140816
206.689658 23.193621
206.72211 5.403052
206.7699292007546 40.94658614596776
206.781743 32.443864
206.82473669627683 37.00490712006848
206.8906033042304 54.44002332410337
206.976748 2.51272
206.983448 25.932734
207.060578 12.425088
207.336861 -3.035944
207.367753 16.454075
207.380428 34.923895
207.502649 31.456312
207.743257 19.518871
208.073319 4.93763
208.107517 13.481469
208.175239 28.89608
208.205828 -2.788389
208.217259 0.632952
208.4736650252755 46.0232852890869
208.531218 22.953096
208.5742075734817 63.638250648740005
208.5829107061664 34.32645818148579
208.715928 14.85277
208.731783 56.510388
208.794126 21.686513
208.830977 50.881516
208.988223 34.76741
209.005012 9.688071
209.052747 9.134777
209.119983 55.818846
209.131059 52.905886
209.26757840991985 55.57078802651539
209.52287 21.372752
209.604952 41.280917
209.652488 37.739248
209.693285 1.751277
209.882219 0.916733
209.923457 14.232819
209.998983 19.849971
210.029674 17.099036
210.112827 57.3152
210.174496 15.585419
210.215842 27.868501
210.269798 39.020734
210.37835 57.081453
210.408469 45.230194
210.418452 32.854642
210.46224750728248 32.071468838262284
210.507693 44.599484
210.6537443219136 41.89678513314831
210.68018 53.632148
210.857611 44.50392
211.09064611900487 36.6543958469122
211.14628537416604 53.28915447271631
211.174556 11.47767
211.2552029553348 52.55517621710537
211.32508810938515 53.258338917516326
211.400714 5.809559
211.501105 1.547852
211.5788484739964 57.63058807763692
211.731939 1.953579
211.87494 3.931949
211.887014 23.562349
211.9682261600339 15.847025805958438
212.098686 50.665008
212.13276845360923 56.25493824432037
212.137777 33.728981
212.183058 36.107765
212.347993 -1.40849
212.384647 17.1971
212.496749 16.396992
212.544823 11.699578
212.585718 36.722982
212.724689 19.316372
212.725224 58.782053
212.803768 7.314635
213.0119851278585 52.340579889420304
213.08810584046105 46.3447752041929
213.129401 15.399483
213.24075 23.438643
213.333529 18.454771
213.35114954994825 53.09081979848238
213.47711 30.161078
213.50333977602247 16.41037955372215
213.509984 34.94849
213.51078502200664 36.8349427321973
213.608534 8.466436
213.6738371342359 59.565586107842734
213.74613 37.685067
213.75157465155164 52.11626496191958
213.965602 48.893466
214.11091038925625 20.48971722880341
214.147394 55.679315
214.288956 2.841288
214.300719 31.417527
214.3524598932143 52.50691328436988
214.36413850687947 44.52897786351523
214.418511 38.305861
214.5239616534286 48.03519752586636
214.5366 23.239187
214.82647111784848 47.127053963250376
214.917896 57.002882
215.126837 17.651117
215.27515 38.922992
215.735423 33.439512
215.98141 49.469924
216.23630590671016 3.8609453146668615
216.280539 32.52708
216.3754085378445 38.1405757105633
216.405952 18.806209
216.484233 8.748875
216.527288 17.096286
216.665783 16.105256
216.784104 17.523657
216.8939724225476 51.37408753425834
217.003632 62.809457
217.03714957217872 35.36253251726358
217.145198 64.132754
217.2200900132355 27.178473613379648
217.32096819467944 30.085434518091496
217.492253 9.327936
217.5454219769922 51.90172230298332
217.58030910328927 11.812649171044542
217.721126 30.617141
217.7227833852905 53.96002954138092
218.015832 23.722429
218.0529241677848 50.94508891528946
218.220885 5.037575
218.265624 20.797936
218.4450490796038 12.102483173160175
218.636151587436 61.62693159511305
218.6820176852948 20.090129562747578
218.79386662886168 51.79646015435174
218.911177 41.472248
219.110245 53.139074
219.19718748290057 39.08672513758631
219.2649123906621 38.72104153125682
219.491043 47.595507
219.561504 42.568347
219.619327 45.35241
219.6636554842985 57.37033965518377
219.759392 44.27065
219.9285 58.466445
219.933552 24.223893
220.01691417482616 54.09082663850577
220.069007 60.004602
220.180592 61.502479
220.299221 12.213923
220.412941 5.677858
220.422377 11.793077
220.49312 14.492254
220.518295 28.202599
220.574049 33.921661
220.63469 4.041255
220.94258731052827 43.34924790233939
221.048125 53.883808
221.112627 23.173239
221.17857520360627 41.833804430145456
221.249694 25.391141
221.28536 49.521849
221.423882 58.809339
221.623782 16.229868
221.815715 39.800126
221.86483123194463 45.89739507198049
221.919358 46.78825
222.015154 50.071864
222.102505 18.517234
222.124797 44.249368
222.1811661156854 46.44771603605778
222.198207 44.634893
222.23960323743813 46.50768197515124
222.24551752305115 15.897331077187031
222.30628 0.401914
222.339403 4.281363
222.345607 42.673499
222.383809 2.227317
222.486981501046 55.75593802406252
222.520546 31.036113
222.579946 34.923796
222.646144 25.470226
222.760663 37.089604
222.858996 3.445375
222.877926 8.151794
222.93432133973403 16.61632238406974
222.959554 11.896517
223.008697 51.714585
223.043884 34.047565
223.183582 4.665405
223.462662 59.651366
223.50832 45.007292
223.601413 30.782875
223.608558 4.124404
223.646985 60.975602
223.74780191044445 18.74790196635403
223.77289050140297 48.500430513430885
223.878546 62.675715
223.882367 23.278564
223.911509 40.320297
224.0081649391206 46.83282954104165
224.22957 10.564954
224.243113 19.951059
224.454502 31.228498
224.749803 -0.251214
224.832833 28.617226
224.876661 22.800165
224.92222504877924 54.34401443737311
224.988859 33.854924
225.097996 46.956814
225.255645 59.508
225.442447 28.482603
225.506856 12.11654
225.529517 -0.753928
225.62447 57.789136
225.8275282475722 45.947654194711575
225.838183 9.112286
225.839038 23.516658
226.106203 6.49869
226.36709940046 58.85570957899251
226.369907 11.420642
226.415543 60.572866
226.855399 18.578895
226.910302 45.533187
226.910843 29.759302
227.006014 11.16928
227.255891 14.445641
227.3106475959584 55.85959226959876
227.955338 13.847007
228.04200649162945 44.64825477031739
228.1219447490292 54.25675554468077
228.162965 45.089727
228.265976 11.346846
228.512091 34.351936
228.6315580200512 30.82068644071314
228.67674837341303 43.25396325787397
228.714798 28.836365
228.894082129639 1.6188406147464274
228.90434439527613 46.7369960785121
228.9123 -0.211338
228.955353 4.900265
228.980316 20.003125
229.24748372065943 32.19358624858296
229.3478953236316 48.414319933702416
229.38836170320792 54.27240629063489
229.457484 27.698753
229.62787 28.147189
229.925243 33.842782
229.997301 -2.306648
230.140187 32.628916
230.1653879588432 42.18644218562759
230.18371 18.319919
230.244032 42.101542
230.293731 0.051253
230.322084 7.998724
230.418024 59.466836
230.484777 27.036898
230.55631565166087 51.19373804467071
230.591347 33.08781
230.687059 29.533676
230.75670745686185 34.71444863400126
230.792946 18.70224
230.81796 -0.697349
230.843562 27.825001
230.96218938016384 50.36488928360127
231.03338612063249 35.1563056851526
231.150712 3.992797
231.169003 40.992897
231.248891 3.590919
231.584614 25.50156
231.70557035668625 35.03173958917896
231.78172463483503 44.831458333860574
231.832621 39.824201
231.88231865778343 38.71880987796792
231.94006 21.957154
231.955344 30.214779
232.07392829959088 34.61242961836172
232.135465 37.4877
232.13774 1.21129
232.32228911249663 34.79939723358796
232.3527 -1.895404
232.651639 22.351169
232.686581 27.128333
232.74077494456736 10.371128926157636
233.4844346216852 45.53421459667017
233.607493 18.406549
233.880081 37.589008
233.956116 46.05649
233.967149 40.449197
233.999872 16.956376
234.12339006108897 26.544641542270945
234.275661 27.138236
234.310073 45.729919
234.310411 23.011258
234.451816 1.977866
234.57741 41.09676
234.633093 30.661061
234.711745 13.423088
234.818641 16.855733
234.92117926982968 50.69313276330533
235.19922425806945 59.76091659782251
235.612555 29.70076
235.6385544695489 50.32732259577973
235.6682900010514 45.649789745782506
235.6757054425032 56.22646981439898
235.7694898293222 24.89906914060141
235.7703094015148 35.443079143935265
235.92705397264183 37.13089645438368
236.00635034612404 -0.9188237390692328
236.0468429160438 53.92516826614636
236.177264 12.263985
236.182047 1.782905
236.26693 14.368691
236.49982306560383 19.46078544275312
236.66696396139952 46.15456407354903
236.67780257274032 19.513361495203963
236.720897 57.170476
236.72643805941905 35.36164184738395
236.7812393680641 48.48855378730659
237.074666 35.191125
237.10968426697264 58.22055322053405
237.25637457120035 51.0542285001764
237.415131 15.487029
237.422027 14.421242
237.429453 53.742272
237.4588712374052 36.92315839187831
237.56234016756125 59.33062532979921
237.695901 42.012204
237.770276 19.332782
237.792815 33.645249
237.947495 33.002246
237.971379 14.439161
237.97323650515168 3.97165046708868
238.090443 22.081862
238.19002 7.562255
238.192249 35.737973
238.285402 52.08523
238.628366 25.220857
238.68463 12.553437
238.7878079162653 43.64345644136269
238.856468 5.029054
238.890175 9.115855
239.002396 4.297527
239.0605880937512 48.73323435716242
239.086325 10.653301
239.142298 10.937997
239.15927 44.4815
239.358261 19.587696
239.4535145658432 57.72878454223899
239.6755298584522 43.59843554398981
239.72389054468243 57.12648160031111
239.73314 39.947953
240.014777847549 57.84938485462064
240.071273 27.905675
240.207263 16.981488
240.373958 21.950088
240.6694410248882 58.6416290563693
240.752892 25.793155
240.918876 2.594861
241.1030422046554 25.39587366604028
241.1080378960663 57.75576849786121
241.217591 34.493752
241.297240698677 27.412626895451584
241.376554 33.442379
241.402624 13.810703
241.635229 8.577364
241.6943911467618 40.721316587987296
241.71740765366965 57.52049435351385
241.818403 12.528434
241.9053080925114 47.12128182058135
242.000059 38.25853
242.146545 45.701454
242.1649326394904 16.104361507393197
242.194792 37.107138
242.200903 0.696789
242.231009 9.506499
242.4656616762225 40.21453026599044
242.6169116310997 37.01769421248268
242.631808 14.932518
242.741203 20.940059
242.7698274599484 53.83224066045352
242.894767 38.818782
242.980543 49.026551
243.07144444757336 45.00524378964054
243.07184966591723 39.18424309324133
243.091561 31.809165
243.138208 34.823776
243.296096 7.138952
243.59011002078552 42.82198965715364
243.7529165078555 31.621423334161683
243.960833 44.351152
244.00841304855328 19.83724905102189
244.039599 43.696327
244.0616710491255 43.75885136667954
244.084823 29.560277
244.23429090807653 54.62527728980358
244.2796 50.361987
244.7300912321822 31.17517764464362
244.91427593688127 45.08458462201579
245.019557 26.057306
245.041675 7.742928
245.19382 13.266216
245.5841337736913 42.63937811683336
245.605106 36.372405
245.622317 26.809695
245.793376 33.408899
245.827204 34.108559
245.909462 9.740596
246.017725 7.692443
246.062606 45.85836
246.0684957174317 37.83354064720195
246.1904717115358 35.848394012792205
246.65799028863512 52.63460647693029
246.80736467480023 41.8728662198702
247.090666111686 39.89377367091932
247.190414 44.403686
247.2045677435427 13.477700991384664
247.255958 30.733731
247.50143 45.206389
247.559013 17.573884
247.563319 13.78576
248.30502737435765 32.1066151997346
248.3127527154664 31.91951444084509
248.31572366337167 40.18900963848496
248.761703 41.498064
248.766862 44.019339
248.923812 34.413805
248.937275 16.76939
249.088660301518 51.14163452574959
249.4064541689516 46.57982731414122
249.578447 34.775141
249.640504 29.858005
249.6623526675594 46.94713491015416
249.753399 36.115874
249.76091923789204 15.633719896270952
250.294067 35.994077
250.56730187750628 41.76601144162297
250.832891 22.905032
250.85691025649888 39.54309014814588
250.92820150948967 39.40701968696789
250.997374 34.775101
251.0213944474366 42.94533270962231
251.1167297395458 47.67139003419523
251.5229463172799 47.68562640195943
251.584047 36.017
251.76968416029968 33.41188304953593
251.812586 30.13694
252.040002 36.863465
252.154235 27.531891
252.24399626085204 17.091592893445
252.283354 24.962132
252.595287 64.360031
252.705061 27.808209
252.84193358358448 50.32828505177354
252.8964810579829 47.12743858460826
253.5088628095424 50.288335378569705
253.579938 36.150751
253.59064051949608 46.46646549836117
253.6471634413741 48.13378267129987
253.677766 37.907015
253.75094 30.511268
254.1875295138894 42.02856826112005
254.83944089337425 44.3851945921749
254.903931 36.368112
255.0504237190013 39.88053068644981
255.25244633378168 45.07083784814617
255.56610042804147 30.437254956916448
256.2184116855719 46.44364619576285
256.322659 38.515667
256.57279443467803 28.01716132904573
256.6927732903385 33.67053273034251
257.605829 21.408918
257.729538 28.448178
257.759934 31.423209
258.76029269351795 42.97930175236986
258.8986562678669 30.922478444110048
259.223319 33.670712
259.24538941270083 39.960456930366334
259.4327207453481 36.43840869800965
259.661309 31.699358
259.7093068668739 34.16402022317385
259.838053 32.638514
260.525114 56.91436
260.7881755625755 37.01788039226679
261.21366073065786 36.229882607567546
261.6075085755068 34.576082129538435
263.810146 56.041155
310.981482 -7.022152
311.647415 0.23103
315.457455 1.167578
316.88367203291455 8.712822721317961
317.362289 11.389346
318.0246542665872 -0.8684272801657557
318.48177310792687 -1.927908017929416
319.5724900825843 0.2213223036262382
319.6887904414466 3.43584126696244
320.78728705802564 1.481784815326103
320.9002357917957 -1.6631509114296943
321.825204 -7.092307
321.9115137076838 3.5711532717044445
322.0642783384748 6.757978368185924
322.1908552617145 -1.1117900178052862
322.404061 -7.408856
322.5720896336593 0.7018138326705343
323.78144525802367 1.5980809027965723
323.8375880744998 2.1923537055966973
326.19312265121863 -0.6571983781733913
326.30556910958506 29.691461369656214
326.629148 12.966368
327.3849136258825 22.562363509029066
327.7200623816772 6.885449726699911
327.96904573061266 20.329086961365853
328.0668285870568 29.15417372549337
328.4844738890302 24.398864848887857
328.5509636086009 -3.2502820600437707
328.8458570158488 29.955210027354028
328.8878534166811 7.19006886480478
329.45692678604064 0.6660320406546815
329.71342150553846 27.481161865624184
329.754725 -7.926014
329.75751707412365 2.259430779467176
329.781897 -7.078199
330.41125614578874 18.12005255159142
331.276546789706 24.672726340504145
331.51271414943824 11.02306398693699
331.79036175205584 21.241579239466454
332.24329729052204 7.38933474752574
332.2440845173319 31.61550860586304
332.914803341883 22.605735776151008
333.00237694883725 -1.7614661030182572
333.25365913437986 18.65303912354336
333.2841042387478 7.717948249782923
333.2959834387429 0.1234765397969304
333.48423 12.465829
333.80938052053494 26.789421016034822
334.4781772247509 19.05604802552133
334.553321731068 23.125696447393107
334.56312819190214 24.84557351416301
334.9240472369468 8.629428511600826
335.26288938588425 18.508001623500245
335.32454201956176 22.885854178361527
335.3428316306384 28.894896779498094
335.69209590304 22.04206696966025
335.7984638362174 21.739418425049376
335.80453883883104 18.86333826892354
335.8242151889287 2.1229875805460026
335.9247740073806 23.12446975855459
336.0248581197464 0.3080740528873448
336.1163118352077 27.290647473976737
336.2734550001589 16.58449582443419
336.4067199434448 20.751586025839096
336.48743099960683 18.093264181347493
337.14993714202257 30.17446520932601
337.349617 13.655995
337.4218993664188 -1.947130913277498
337.6159788974984 -0.8843805208558266
337.7652604802845 7.575322638147693
337.8912363386554 0.5535538055216707
338.48619279354426 -0.295508076319785
338.62608574087653 22.18243105540425
338.6575884715545 0.5259767982353164
338.7144096513946 31.47934686852909
338.993684 -9.469917
339.1860350078067 4.820189730930194
339.307444442936 23.394372288360472
339.848926914147 18.04926306904207
339.8838444974247 21.219132540719148
339.91726758842566 25.762666482684168
340.238956070979 28.51257953471524
340.443909292232 19.44790483883613
340.77653897599737 23.58510721275023
340.7849404640893 29.416847451311387
340.8243478074479 32.61585224409138
340.892911 -8.764146
341.446458 -9.81885
341.516113 13.640036
341.7223456628909 12.85931929767669
342.122807 14.738347
342.28423804966144 32.97005768323715
342.51762616907376 4.128754325007815
342.564968 -8.661202
342.8400301109914 -1.8583506032439705
342.9151016351177 18.3204727389699
343.310441 -8.48325
343.72101920999705 23.898520469749453
343.793231 -9.131977
343.80175988714257 28.04151571269236
344.2742734186926 20.06526946036349
344.6606419424187 29.70381071958764
344.68002341809665 5.078198822088094
345.58051939193115 1.9744790906031164
345.71949106484465 18.207741518426783
345.9479940047878 3.0082609863037297
346.0375338445017 23.34050362190639
346.0772394968106 31.00479598262386
346.2335903082089 0.1201146482490135
346.37945515737897 15.24588483539445
346.63428814497183 5.740958916461996
346.64198297879284 27.201007463197268
346.6446748546889 22.229956544062173
346.8602927529002 23.444128805177527
346.9662597202567 -0.5045082555121208
347.211308 -9.50101
347.2149159983452 34.417027468318004
347.4230285228124 30.04010260743271
347.5733779596827 27.80638650730109
347.68965517795 20.29345118593736
347.7659961323216 -0.1860357484139335
348.01722666943806 33.987348620258125
348.149165 -8.527333
348.2305998399176 24.553166520043337
348.2608968691526 2.109456509080585
348.3913845366564 -0.8527421345708781
348.4016610466555 29.98766761663284
348.54758812699686 -1.0538238038707632
348.7518824533491 34.47654879084722
348.876232 -8.54703
348.90218974445224 7.155625403768475
348.9368528318697 22.723806893889428
349.4257971859221 19.35674143940413
350.0035870450885 24.58642960717157
350.01392476428884 21.766827545402844
350.2201695328897 25.85421353848525
350.50753055353715 32.22319636446444
351.1720828199127 4.180883082800308
351.19830092428265 6.887227328752497
351.2105384605276 23.3516004537694
351.2724849344668 22.25398003041192
351.35635207970205 0.1935848361448795
351.4476209314007 6.483036742674259
351.4579161926001 22.91077589034183
351.4645217270878 27.893568992504825
351.69109344091066 31.63497554750934
351.705012 15.78575
351.7082039354892 19.842974160377366
351.7336902232047 4.7816075048792825
351.81090440622904 10.509433344286885
351.9931585177678 26.394071990100773
352.0061352375783 0.2847264547883923
352.25584787389244 19.574914282914463
352.326323389973 27.478871372150923
352.74362724331405 28.887579076532425
352.8974287984638 -1.0437720589495552
352.99185449442945 10.921639713482284
353.21257417395907 10.668959222884554
353.54245051216503 6.637271208315136
353.5434677760534 33.94218942222793
354.58805669019966 29.495709069184336
354.662787 -9.148112
354.7040634310485 27.180891578041543
354.856213408046 23.19594087764853
354.9121912129051 22.11116283588543
355.0574262603559 30.00992597476777
355.309699 14.472167
355.534146 14.697548
355.94015376621815 -1.9978109939737945
356.0649373383048 23.94233335716551
356.107787 -10.793995
356.16553355821924 27.422693930687043
356.22054605176515 10.844946370091495
356.4053395759881 3.495656069360262
356.457692366107 15.92222045060452
356.5215804629847 -1.4501247109541135
356.54234719739503 23.5346868778792
356.83813511825804 24.6617051960752
356.8599943804944 2.9157386104233964
357.1486945654246 26.46452313718276
357.28872943709223 4.641057697088702
357.5053653245433 23.712332347253955
357.6861343141392 11.394469329555744
357.74740902329654 -8.679328855567674
357.9381197150775 0.893018655509208
357.9615162651276 3.8974659460742815
357.96179983847463 -1.1768162079331357
358.02192292599165 20.37917849106175
358.02400060242417 7.686406925699356
358.0391731919776 24.58449692901129
358.10878375712014 26.60939065142817
358.2656851950756 4.858528024483337
358.41044597139523 29.92931544551829
358.82444397190835 32.48186165714788
358.87246416121513 -3.0179685245135417
358.94358799375925 2.7024177429564493
359.2551933162788 19.626416466619307
359.4400895205609 18.99230378033706
359.47099621797776 -5.220799387810905
359.5285750863277 28.481128542588685
359.6582373613366 22.48204142914256
359.808360177116 29.501779139593268
359.80993987048504 7.502417348066346
359.82026653310567 4.184075719295469
